time	blank	anc1	anc2	anc3	anc4	anc5	anc6	anc7	anc8	anc9	c1	c2	c3	c4	c5	c6	c7	c8	c9	c10	m1	m2	m3	m4	m5	m6	m7	m8	m9	m10	s1	s2	s3	s4	s5	s6	s7	s8	s9	s10
0	0.12924	0.1521	0.1583	0.16216	0.15464	0.1501	0.15128	0.1514	0.15032	0.15324	0.16314	0.1703	0.19016	0.17066	0.15712	0.162	0.15498	0.16124	0.15732	0.16736	0.1522	0.15464	0.15926	0.16718	0.15958	0.16064	0.15074	0.15188	0.155	0.15988	0.1517	0.15228	0.15064	0.1578	0.18468	0.21144	0.16468	0.15416	0.15118	0.1561
30	0.12876	0.15696	0.16236	0.16292	0.15898	0.1559	0.15698	0.15528	0.15508	0.15752	0.16868	0.16658	0.15466	0.1563	0.16254	0.1672	0.15958	0.16636	0.1642	0.17254	0.15626	0.15998	0.15858	0.16108	0.15196	0.15336	0.1527	0.15558	0.15928	0.16344	0.15398	0.15432	0.152	0.15362	0.15046	0.15194	0.15244	0.1547	0.15242	0.1563
60	0.12884	0.15754	0.16372	0.1645	0.16016	0.1558	0.15702	0.15646	0.15616	0.159	0.16924	0.16982	0.15576	0.15772	0.16508	0.17024	0.1615	0.16812	0.16718	0.17402	0.15628	0.16184	0.15952	0.16328	0.15292	0.15476	0.15466	0.15718	0.16168	0.16408	0.15406	0.15414	0.15164	0.15416	0.1502	0.15136	0.15324	0.15494	0.15252	0.15674
90	0.1288	0.15808	0.1648	0.1655	0.16098	0.15626	0.15784	0.157	0.15674	0.1596	0.17036	0.17084	0.1566	0.1586	0.16682	0.17194	0.16246	0.16884	0.1681	0.17528	0.15716	0.16244	0.16042	0.16374	0.15344	0.1552	0.15502	0.15784	0.16256	0.16466	0.15414	0.15432	0.15172	0.15414	0.1501	0.15136	0.1535	0.15496	0.1527	0.15688
120	0.12878	0.15914	0.16596	0.16668	0.16202	0.15714	0.15858	0.15786	0.15784	0.16052	0.1717	0.17228	0.15752	0.15994	0.16828	0.17338	0.16364	0.17056	0.1698	0.1769	0.15796	0.16358	0.16126	0.16502	0.15402	0.15578	0.15582	0.15886	0.16422	0.16572	0.15422	0.1544	0.15198	0.15438	0.15024	0.15136	0.15408	0.15554	0.1526	0.15674
150	0.12878	0.16032	0.16698	0.1678	0.163	0.15812	0.15944	0.15868	0.15884	0.1611	0.17322	0.17376	0.15848	0.16074	0.17014	0.17524	0.16526	0.17246	0.17154	0.17852	0.1589	0.16494	0.16238	0.16622	0.15458	0.15632	0.15674	0.15988	0.16558	0.16626	0.1543	0.15464	0.15204	0.15466	0.15	0.15124	0.15468	0.15614	0.15274	0.15682
180	0.1287	0.16144	0.16804	0.1692	0.16416	0.1591	0.1602	0.1595	0.15974	0.16172	0.17512	0.1758	0.15958	0.16178	0.1723	0.17768	0.16732	0.17516	0.1739	0.18106	0.1597	0.16642	0.16348	0.16728	0.15518	0.15688	0.15742	0.16072	0.16686	0.16706	0.15442	0.15478	0.15232	0.15482	0.14992	0.1511	0.15542	0.1569	0.15292	0.15664
210	0.12868	0.16294	0.16936	0.17094	0.16568	0.16034	0.16136	0.16076	0.1609	0.16294	0.17788	0.1785	0.16082	0.16304	0.17516	0.1807	0.17012	0.1783	0.17674	0.18374	0.16114	0.1682	0.16504	0.16898	0.15572	0.15756	0.1585	0.16216	0.16874	0.16804	0.15482	0.1551	0.15266	0.15522	0.14998	0.15106	0.15628	0.15788	0.15314	0.1568
240	0.12866	0.16458	0.17116	0.17294	0.16746	0.16174	0.16278	0.16204	0.16218	0.1642	0.18142	0.18202	0.1623	0.16466	0.17852	0.18444	0.17352	0.18226	0.18048	0.18762	0.1626	0.17038	0.16696	0.17108	0.15658	0.15852	0.15986	0.1636	0.17078	0.1695	0.15514	0.15558	0.15336	0.15584	0.15026	0.1511	0.15742	0.159	0.1534	0.15682
270	0.1286	0.16642	0.17346	0.17528	0.1694	0.1635	0.16458	0.16366	0.16388	0.16598	0.18586	0.18668	0.16406	0.1666	0.18304	0.18926	0.17768	0.18728	0.1854	0.19316	0.1649	0.17324	0.16956	0.17394	0.15788	0.1597	0.16162	0.16574	0.1735	0.17096	0.15588	0.15636	0.15412	0.15672	0.15056	0.1512	0.1589	0.16068	0.15372	0.1569
300	0.12858	0.16886	0.17604	0.178	0.17178	0.16572	0.16668	0.16576	0.16582	0.16804	0.19128	0.19232	0.16614	0.16892	0.18854	0.195	0.18258	0.19334	0.19102	0.19866	0.16758	0.17662	0.17262	0.17738	0.1593	0.16118	0.16374	0.16806	0.17662	0.1732	0.15688	0.15734	0.15522	0.15788	0.15108	0.15156	0.16098	0.16272	0.1544	0.1572
330	0.12852	0.17176	0.17944	0.18154	0.17476	0.16846	0.16926	0.16838	0.1683	0.1705	0.1981	0.1993	0.16912	0.17216	0.19532	0.2022	0.18904	0.20082	0.19838	0.20668	0.17088	0.1807	0.17664	0.18176	0.1612	0.16322	0.16646	0.17124	0.18068	0.17634	0.15818	0.15872	0.15674	0.1595	0.152	0.15234	0.1636	0.1654	0.15524	0.158
360	0.12854	0.17528	0.18348	0.18556	0.17814	0.17184	0.17248	0.17152	0.17138	0.17362	0.20652	0.20776	0.1725	0.17598	0.20344	0.21124	0.1962	0.20936	0.20688	0.21564	0.175	0.18614	0.18166	0.18722	0.16382	0.16568	0.17	0.17502	0.18574	0.1804	0.15986	0.16064	0.15852	0.16158	0.153	0.1532	0.16682	0.1686	0.15648	0.15886
390	0.12846	0.17954	0.18822	0.19062	0.18248	0.17584	0.17632	0.1753	0.17514	0.1774	0.21654	0.21828	0.1768	0.18072	0.21344	0.22196	0.20522	0.21994	0.21778	0.22746	0.18034	0.19274	0.18794	0.19436	0.16698	0.16882	0.17434	0.18	0.19222	0.18538	0.1623	0.16312	0.16114	0.16426	0.15466	0.15434	0.1709	0.17268	0.15798	0.16026
420	0.12842	0.18464	0.19394	0.19654	0.1874	0.1806	0.18084	0.17972	0.17924	0.1818	0.22848	0.2305	0.18204	0.18632	0.22558	0.23506	0.2158	0.23238	0.23064	0.24108	0.1868	0.20092	0.19574	0.20274	0.1708	0.17272	0.1796	0.18602	0.19986	0.19144	0.1653	0.16614	0.16412	0.16748	0.15644	0.15586	0.1757	0.1776	0.15962	0.1618
450	0.12836	0.19082	0.20098	0.20368	0.1935	0.18628	0.18636	0.18502	0.1846	0.18702	0.24286	0.24548	0.18844	0.19334	0.24016	0.25092	0.2286	0.24726	0.24596	0.25792	0.19478	0.211	0.20536	0.21364	0.17586	0.17766	0.18662	0.19346	0.20968	0.19936	0.16914	0.1702	0.16832	0.1718	0.15924	0.158	0.18214	0.18426	0.16234	0.16418
480	0.1283	0.19828	0.20932	0.21232	0.20092	0.19326	0.19286	0.1915	0.19096	0.19334	0.25948	0.26276	0.19604	0.20176	0.25742	0.26938	0.24344	0.26514	0.26398	0.27748	0.20466	0.22332	0.21738	0.2268	0.18208	0.1836	0.19508	0.2028	0.22204	0.20928	0.17384	0.17518	0.17332	0.17718	0.16254	0.16074	0.18998	0.19228	0.16564	0.16736
510	0.1284	0.20708	0.21922	0.2224	0.20942	0.20104	0.20064	0.19912	0.19852	0.20098	0.27924	0.2835	0.2051	0.21166	0.27844	0.2919	0.26136	0.28598	0.2858	0.3009	0.21654	0.23848	0.23182	0.24274	0.1897	0.19112	0.20574	0.21474	0.23736	0.22164	0.18012	0.18142	0.17952	0.18386	0.1666	0.1643	0.19938	0.2022	0.16986	0.17106
540	0.12826	0.21746	0.2308	0.23462	0.21942	0.21056	0.20982	0.20798	0.20742	0.21004	0.302	0.30686	0.21578	0.22346	0.30284	0.3181	0.28226	0.31052	0.31126	0.32836	0.2308	0.25672	0.24922	0.26232	0.19922	0.20038	0.2187	0.22896	0.2557	0.23656	0.18782	0.18924	0.18746	0.19202	0.17174	0.16884	0.21128	0.2143	0.17526	0.17584
570	0.12824	0.22968	0.24484	0.2489	0.2316	0.22186	0.22084	0.21868	0.2181	0.221	0.32842	0.33466	0.2287	0.23784	0.33098	0.34862	0.30686	0.33902	0.34092	0.36016	0.248	0.27854	0.27004	0.28562	0.21086	0.21178	0.2344	0.24608	0.27804	0.25482	0.19748	0.19882	0.19704	0.20226	0.17816	0.17466	0.22544	0.22866	0.1819	0.18198
600	0.12824	0.24402	0.26074	0.26552	0.2455	0.23478	0.2336	0.23076	0.23038	0.23364	0.35876	0.36678	0.24374	0.25426	0.36396	0.38442	0.33598	0.37286	0.37486	0.39748	0.268	0.30388	0.29486	0.313	0.22464	0.22536	0.25304	0.26676	0.30448	0.27668	0.20882	0.2104	0.20862	0.21472	0.18632	0.18178	0.24266	0.24666	0.1901	0.18976
630	0.12824	0.26092	0.27948	0.2851	0.262	0.25012	0.2486	0.24532	0.2452	0.24856	0.39392	0.40364	0.26132	0.27346	0.40158	0.42456	0.36936	0.4113	0.41422	0.44052	0.29146	0.33374	0.32402	0.34504	0.24124	0.24156	0.27494	0.29106	0.33614	0.30294	0.22274	0.22452	0.22274	0.22986	0.19618	0.19072	0.26322	0.26784	0.20036	0.19928
660	0.12826	0.28026	0.30124	0.30748	0.28102	0.26798	0.2666	0.26204	0.26238	0.2663	0.43404	0.44596	0.28204	0.29628	0.44472	0.47122	0.40756	0.45588	0.45924	0.48964	0.31938	0.36894	0.3583	0.3827	0.26122	0.26114	0.30146	0.3199	0.37276	0.33388	0.23972	0.24174	0.23978	0.248	0.20836	0.2014	0.28818	0.29298	0.21266	0.2111
690	0.12816	0.30248	0.32618	0.33336	0.30278	0.28806	0.28692	0.28122	0.28206	0.28658	0.48086	0.4943	0.30604	0.32252	0.4946	0.52258	0.453	0.506	0.51038	0.54568	0.3517	0.40922	0.3982	0.42632	0.28476	0.28426	0.33172	0.35342	0.41406	0.36996	0.25976	0.26212	0.26016	0.26986	0.22268	0.21422	0.31778	0.32352	0.22794	0.22514
720	0.12816	0.32838	0.35472	0.3631	0.32782	0.3119	0.31048	0.30358	0.30534	0.31048	0.5334	0.5486	0.33404	0.35334	0.55	0.58124	0.50432	0.56236	0.56726	0.60784	0.38922	0.45538	0.44304	0.4762	0.31176	0.31132	0.36722	0.39186	0.46218	0.4119	0.28412	0.28662	0.28428	0.29586	0.23962	0.22962	0.35272	0.35832	0.24594	0.24222
750	0.12814	0.35834	0.38784	0.39706	0.35654	0.33886	0.33742	0.329	0.33202	0.33752	0.59148	0.60882	0.36578	0.3884	0.61064	0.64576	0.56074	0.62468	0.6311	0.67624	0.43256	0.50806	0.495	0.53394	0.34404	0.3433	0.4088	0.43718	0.5172	0.4611	0.31252	0.31538	0.31292	0.32674	0.25998	0.24792	0.3929	0.39998	0.26734	0.26268
780	0.12814	0.39262	0.42516	0.43574	0.3899	0.37054	0.36878	0.35864	0.36234	0.36902	0.65574	0.67416	0.40276	0.42972	0.67754	0.71464	0.62328	0.69142	0.70062	0.75066	0.4826	0.56718	0.55458	0.599	0.3811	0.37994	0.45682	0.48888	0.57904	0.51684	0.34562	0.3491	0.34674	0.36262	0.2846	0.27012	0.44	0.44788	0.29274	0.28686
810	0.1281	0.43054	0.46714	0.47898	0.42756	0.40598	0.40446	0.39202	0.39722	0.40558	0.72522	0.74552	0.4453	0.47684	0.74856	0.78774	0.69122	0.7618	0.77388	0.8291	0.53926	0.63376	0.62012	0.67096	0.4243	0.42258	0.5118	0.54786	0.64682	0.58002	0.38472	0.3886	0.3862	0.40504	0.31336	0.29614	0.49324	0.5023	0.3223	0.3154
840	0.12798	0.47414	0.51468	0.52758	0.47044	0.4465	0.4449	0.4301	0.43756	0.44736	0.79756	0.81946	0.49332	0.52928	0.82264	0.86314	0.76386	0.8331	0.8499	0.90702	0.60324	0.70754	0.69312	0.74684	0.47338	0.47096	0.57348	0.61454	0.72058	0.6509	0.43018	0.43432	0.43266	0.45332	0.3471	0.32634	0.55264	0.56288	0.35712	0.34878
870	0.12798	0.52326	0.56764	0.58112	0.5184	0.4921	0.49028	0.47354	0.48232	0.49438	0.8734	0.89816	0.54828	0.58826	0.8977	0.93996	0.8361	0.90556	0.92586	0.98582	0.6731	0.78532	0.77038	0.82624	0.52948	0.52628	0.64264	0.6878	0.79714	0.72578	0.48212	0.4855	0.4853	0.50826	0.38594	0.36138	0.617	0.62852	0.39726	0.38728
900	0.12798	0.57598	0.62602	0.64022	0.57182	0.54444	0.54112	0.52316	0.53258	0.5471	0.94806	0.97456	0.60862	0.65398	0.97192	1.01418	0.90766	0.97478	1.0006	1.0581	0.74632	0.86472	0.84824	0.90498	0.59138	0.58798	0.71632	0.76524	0.8736	0.80192	0.54012	0.54218	0.5428	0.56788	0.4299	0.40216	0.68366	0.6946	0.44324	0.43092
930	0.12792	0.63468	0.68878	0.70434	0.63002	0.6014	0.59724	0.57774	0.58898	0.60562	1.02016	1.04746	0.67386	0.72524	1.04334	1.0828	0.9752	1.03986	1.06844	1.12278	0.82044	0.943	0.9226	0.98148	0.65802	0.6553	0.79184	0.84464	0.94688	0.87574	0.60136	0.60176	0.60332	0.63002	0.4777	0.44718	0.74928	0.76028	0.49344	0.47922
960	0.12798	0.6986	0.75744	0.77102	0.69274	0.66428	0.6601	0.6373	0.6507	0.66946	1.08598	1.11442	0.74524	0.79988	1.10838	1.14816	1.03848	1.0995	1.12998	1.1811	0.89238	1.01546	0.99122	1.04796	0.72712	0.72622	0.86752	0.92406	1.01296	0.94584	0.66314	0.66204	0.66578	0.69242	0.52862	0.49632	0.809	0.82038	0.54574	0.52916
990	0.12786	0.76582	0.82772	0.84136	0.76018	0.73222	0.72694	0.70218	0.71674	0.73744	1.14634	1.17558	0.8184	0.87744	1.16714	1.2066	1.09466	1.15164	1.18538	1.2329	0.95806	1.0806	1.04878	1.10666	0.79436	0.79732	0.93744	0.99912	1.07178	1.00492	0.72346	0.71906	0.72378	0.75256	0.58126	0.54544	0.86166	0.87588	0.59794	0.57988
1020	0.12794	0.83584	0.8981	0.9112	0.83268	0.80476	0.79642	0.77124	0.78582	0.80986	1.20204	1.232	0.89252	0.95408	1.21952	1.25814	1.14394	1.19714	1.23418	1.28046	1.01666	1.13738	1.0994	1.15682	0.85938	0.8667	1.00058	1.06378	1.12074	1.05676	0.77866	0.77314	0.77796	0.80766	0.63206	0.59532	0.90716	0.92374	0.6483	0.62922
1050	0.12796	0.9037	0.96816	0.97962	0.90424	0.87614	0.86822	0.8408	0.85512	0.88024	1.25128	1.28308	0.96246	1.02662	1.2661	1.30516	1.1867	1.23702	1.27956	1.32124	1.0679	1.18472	1.14252	1.19918	0.91934	0.92882	1.05496	1.1205	1.16278	1.10194	0.82766	0.82016	0.82352	0.85604	0.6785	0.64212	0.94436	0.9631	0.69358	0.67546
1080	0.12784	0.96862	1.0338	1.04446	0.97402	0.9458	0.93828	0.91052	0.92332	0.9482	1.2972	1.32908	1.02852	1.0927	1.3092	1.3479	1.2259	1.27368	1.32062	1.35952	1.11288	1.22772	1.18056	1.23648	0.97132	0.98442	1.10246	1.16942	1.19916	1.14046	0.8697	0.86322	0.86328	0.89622	0.71914	0.68452	0.97624	0.99768	0.73394	0.71674
1110	0.12778	1.02666	1.09478	1.10376	1.0392	1.01358	1.00476	0.97662	0.98768	1.01366	1.33906	1.37066	1.08686	1.15124	1.34794	1.3854	1.26028	1.30602	1.35698	1.39358	1.15152	1.26552	1.21344	1.26948	1.01512	1.0329	1.14392	1.2112	1.23078	1.17318	0.9074	0.9019	0.89888	0.93264	0.75444	0.7223	1.00432	1.02746	0.76976	0.75316
1140	0.12784	1.07944	1.1489	1.15614	1.09882	1.0748	1.06636	1.0377	1.04856	1.072	1.37642	1.40828	1.1397	1.2048	1.38248	1.41978	1.29224	1.33562	1.3907	1.42598	1.18614	1.29868	1.24392	1.2981	1.054	1.0745	1.18072	1.2481	1.25878	1.2032	0.93832	0.93412	0.93002	0.96402	0.78642	0.75496	1.03008	1.05448	0.79916	0.78508
1170	0.12782	1.12802	1.19718	1.20384	1.15242	1.1304	1.12106	1.09344	1.10244	1.12528	1.41096	1.4434	1.18806	1.2536	1.41334	1.4504	1.32128	1.36368	1.42224	1.45672	1.21852	1.3286	1.27068	1.32504	1.08906	1.10996	1.21462	1.28118	1.2847	1.2298	0.9671	0.9637	0.95738	0.9929	0.8149	0.78376	1.05378	1.07848	0.8255	0.81206
1200	0.12782	1.1718	1.24114	1.2478	1.20064	1.17956	1.16922	1.14352	1.15082	1.17178	1.44354	1.47576	1.23116	1.29626	1.4419	1.47928	1.34912	1.39156	1.45174	1.48582	1.24644	1.35618	1.29592	1.3506	1.11998	1.14324	1.24548	1.31034	1.31006	1.25504	0.99284	0.99078	0.98212	1.01888	0.83946	0.8098	1.07424	1.0997	0.8505	0.83624
1230	0.12786	1.21138	1.28164	1.2877	1.245	1.22524	1.21502	1.18884	1.19404	1.2145	1.4751	1.50684	1.2701	1.33526	1.47044	1.50692	1.37644	1.41902	1.48244	1.51708	1.27438	1.38348	1.32162	1.37546	1.15048	1.17368	1.27468	1.34068	1.33424	1.28118	1.01786	1.01534	1.00628	1.0427	0.86372	0.83312	1.09512	1.11996	0.87358	0.85902
1260	0.12784	1.24468	1.3163	1.32282	1.28438	1.26502	1.25506	1.23046	1.23314	1.25174	1.5043	1.53524	1.3056	1.36894	1.4951	1.53198	1.402	1.4448	1.51022	1.54398	1.30044	1.4073	1.3446	1.39806	1.17678	1.20068	1.30112	1.3671	1.35628	1.30534	1.0405	1.03848	1.02798	1.06408	0.88612	0.85564	1.11284	1.1383	0.89344	0.87904
1290	0.12774	1.27672	1.34944	1.35502	1.32136	1.3026	1.2923	1.26608	1.26736	1.2848	1.53374	1.56482	1.33792	1.40124	1.5213	1.5583	1.42854	1.4719	1.5379	1.56778	1.325	1.43238	1.3683	1.42054	1.20242	1.22798	1.328	1.39382	1.37904	1.32746	1.06258	1.06278	1.04902	1.08548	0.90834	0.87784	1.13114	1.15714	0.9128	0.89846
1320	0.12784	1.30622	1.37946	1.38412	1.35354	1.33448	1.32444	1.30018	1.3002	1.31574	1.55972	1.58944	1.36836	1.43104	1.5454	1.58138	1.4524	1.49282	1.5588	1.5827	1.3498	1.45448	1.39016	1.44202	1.22666	1.253	1.35418	1.41894	1.39886	1.34908	1.0836	1.08384	1.06784	1.10458	0.92864	0.89854	1.14646	1.17334	0.9304	0.91782
1350	0.1279	1.33474	1.40772	1.41198	1.384	1.36548	1.35544	1.3311	1.32984	1.34538	1.5802	1.60994	1.39974	1.46082	1.56976	1.6049	1.4724	1.50912	1.57522	1.59396	1.37474	1.4785	1.41086	1.46342	1.25178	1.279	1.38084	1.4446	1.42024	1.36964	1.10464	1.10554	1.08676	1.12318	0.94828	0.91978	1.16186	1.18946	0.949	0.9357
1380	0.12784	1.36118	1.43448	1.43802	1.41068	1.3937	1.3826	1.36032	1.3571	1.37138	1.59122	1.6211	1.42884	1.48886	1.58558	1.62002	1.48526	1.51812	1.5836	1.5996	1.39616	1.49732	1.42778	1.4783	1.27598	1.3027	1.40346	1.46672	1.43616	1.38734	1.12304	1.12404	1.10478	1.14186	0.96836	0.93798	1.17654	1.20526	0.96506	0.95246
1410	0.12774	1.38514	1.4593	1.46178	1.43752	1.42004	1.40914	1.3873	1.38278	1.39688	1.5977	1.62756	1.4577	1.5165	1.59704	1.62998	1.49278	1.5239	1.58824	1.6034	1.41252	1.51088	1.43882	1.48878	1.29658	1.32454	1.42102	1.48452	1.449	1.40014	1.14182	1.14362	1.12444	1.16074	0.98654	0.95648	1.1921	1.22024	0.98078	0.96982
1440	0.12774	1.40902	1.48342	1.48586	1.46172	1.44468	1.43448	1.41308	1.4085	1.42192	1.60166	1.63098	1.48254	1.54186	1.60284	1.63642	1.49784	1.52828	1.5912	1.60608	1.42308	1.52116	1.4478	1.49684	1.31602	1.3441	1.43422	1.49634	1.45764	1.41088	1.15872	1.16218	1.14252	1.17854	1.00622	0.97692	1.20516	1.23434	0.99646	0.9878
1470	0.1278	1.43242	1.50552	1.50912	1.48632	1.46988	1.45898	1.4373	1.4327	1.44656	1.60446	1.63404	1.50036	1.55758	1.60728	1.64008	1.50096	1.53118	1.5937	1.60826	1.43168	1.52736	1.45318	1.50202	1.33118	1.3602	1.4434	1.5044	1.46304	1.41814	1.17396	1.17714	1.15864	1.19304	1.02414	0.9976	1.2164	1.2461	1.01228	1.00486
1500	0.12784	1.45292	1.52648	1.52886	1.50882	1.49286	1.48258	1.46138	1.45578	1.46934	1.60728	1.63596	1.51136	1.56814	1.6098	1.64262	1.50352	1.53266	1.59534	1.60986	1.43776	1.53234	1.45744	1.5059	1.3415	1.37228	1.45076	1.50966	1.46794	1.42258	1.1865	1.1913	1.1718	1.20468	1.04056	1.01688	1.22646	1.25504	1.02902	1.02088
1530	0.1278	1.46996	1.5418	1.54456	1.52748	1.51344	1.5033	1.4821	1.47638	1.48852	1.60818	1.63704	1.51842	1.57458	1.61142	1.64394	1.50524	1.53454	1.5969	1.61056	1.44208	1.53578	1.4608	1.50934	1.34876	1.38148	1.45468	1.51394	1.472	1.427	1.19618	1.20092	1.18136	1.21468	1.05438	1.03332	1.23308	1.26252	1.04164	1.0345
1560	0.12784	1.48106	1.55338	1.55456	1.54252	1.52984	1.52038	1.50032	1.4934	1.50418	1.609	1.63816	1.52336	1.57888	1.61258	1.6452	1.5069	1.53638	1.59778	1.61168	1.44582	1.53854	1.4631	1.51134	1.35556	1.38824	1.45846	1.51704	1.4737	1.43022	1.20328	1.20894	1.18966	1.22268	1.06586	1.04612	1.23762	1.26678	1.05392	1.04654
1590	0.12774	1.4885	1.56054	1.56132	1.5527	1.5413	1.53242	1.513	1.50568	1.51528	1.6099	1.63858	1.5262	1.58172	1.6131	1.6459	1.50784	1.537	1.5985	1.61164	1.4478	1.54034	1.46522	1.51302	1.36044	1.39222	1.46068	1.51942	1.47624	1.43226	1.20916	1.21526	1.19552	1.2284	1.07452	1.05736	1.2422	1.27158	1.06418	1.05584
1620	0.12774	1.49322	1.56516	1.56618	1.55904	1.54946	1.5407	1.52184	1.51388	1.5223	1.61042	1.63944	1.52848	1.58388	1.61424	1.64686	1.50922	1.53848	1.5991	1.6128	1.44982	1.54198	1.46696	1.51456	1.36334	1.39578	1.4627	1.5213	1.47748	1.43386	1.21428	1.2202	1.20118	1.23314	1.08224	1.06662	1.24484	1.27462	1.07228	1.0641
1650	0.12786	1.49702	1.56776	1.56826	1.56284	1.5546	1.54558	1.52718	1.51948	1.52754	1.61082	1.63972	1.53014	1.58554	1.61496	1.64766	1.51004	1.53946	1.60016	1.6131	1.45186	1.54344	1.46796	1.51562	1.3658	1.39894	1.46446	1.52264	1.47914	1.43588	1.21804	1.22516	1.2052	1.23668	1.08762	1.07412	1.24744	1.2775	1.07934	1.07122
1680	0.12772	1.49952	1.57056	1.57014	1.56502	1.55758	1.54892	1.53098	1.52294	1.53094	1.6114	1.6402	1.53174	1.58666	1.61566	1.64782	1.51064	1.5399	1.60022	1.61302	1.45304	1.54466	1.47004	1.5168	1.36824	1.4017	1.46568	1.52452	1.48044	1.43686	1.2213	1.22778	1.20878	1.23944	1.0934	1.08004	1.24942	1.28038	1.08602	1.07636
1710	0.12774	1.50108	1.57194	1.57158	1.56702	1.55962	1.55152	1.53346	1.5258	1.5338	1.61166	1.6407	1.53278	1.58818	1.61558	1.64782	1.5118	1.54068	1.59998	1.61464	1.4545	1.54558	1.471	1.51804	1.37022	1.40376	1.4677	1.52522	1.48102	1.43802	1.2236	1.23124	1.21146	1.24172	1.09762	1.0851	1.2513	1.28192	1.0899	1.08184
1740	0.1278	1.50272	1.57402	1.5727	1.56848	1.56156	1.55322	1.53544	1.52834	1.53548	1.61288	1.64066	1.53412	1.58882	1.61592	1.64822	1.51246	1.5417	1.6012	1.61434	1.45564	1.5467	1.47176	1.5189	1.3715	1.40564	1.46794	1.52544	1.48236	1.43952	1.2263	1.23348	1.21358	1.24394	1.10186	1.08978	1.25354	1.2842	1.09444	1.08654
1770	0.12778	1.50368	1.57468	1.57346	1.56976	1.56264	1.55442	1.53716	1.52984	1.53682	1.61286	1.64144	1.53486	1.58942	1.6161	1.64862	1.51348	1.54242	1.60124	1.6148	1.45668	1.54756	1.47204	1.51946	1.37368	1.40738	1.46908	1.527	1.483	1.43974	1.22726	1.23548	1.2165	1.24586	1.10464	1.09334	1.2544	1.28566	1.09776	1.08966
1800	0.12774	1.50478	1.5757	1.57428	1.57096	1.56374	1.55596	1.53816	1.5312	1.53788	1.61306	1.6413	1.5358	1.58994	1.61642	1.64906	1.51436	1.5431	1.60208	1.61528	1.45798	1.54822	1.47338	1.5203	1.37542	1.40874	1.46986	1.52752	1.48372	1.44076	1.22976	1.23724	1.21838	1.24804	1.10712	1.0964	1.2557	1.28686	1.1005	1.0929
1830	0.12772	1.5055	1.57634	1.57538	1.57112	1.5647	1.55688	1.53896	1.5318	1.53946	1.61328	1.64176	1.5359	1.58988	1.61664	1.6488	1.51452	1.5438	1.6024	1.61538	1.45884	1.549	1.4739	1.52108	1.37628	1.40962	1.47096	1.5287	1.4845	1.44158	1.23108	1.23932	1.22022	1.24986	1.11032	1.0993	1.25692	1.28858	1.10358	1.09632
1860	0.12786	1.5063	1.57708	1.57574	1.57162	1.56546	1.558	1.53974	1.53288	1.53958	1.61356	1.64168	1.53716	1.59136	1.61754	1.6497	1.51516	1.54424	1.60278	1.61584	1.45954	1.54958	1.47494	1.52228	1.37806	1.41134	1.4723	1.52894	1.48576	1.44262	1.2334	1.24148	1.22234	1.25222	1.11362	1.10306	1.25912	1.28972	1.10716	1.09954
1890	0.1279	1.50724	1.57794	1.57694	1.57234	1.56624	1.5587	1.54112	1.5339	1.54096	1.61428	1.64206	1.53736	1.59148	1.61744	1.6498	1.51628	1.54526	1.60318	1.6159	1.46052	1.55012	1.47592	1.52278	1.37854	1.4121	1.47314	1.52962	1.4865	1.44338	1.23408	1.2423	1.22292	1.25316	1.11498	1.10442	1.26006	1.29154	1.10856	1.10034
1920	0.12774	1.5071	1.5777	1.57632	1.57248	1.56644	1.55912	1.54106	1.5344	1.54136	1.61384	1.64206	1.5373	1.5918	1.6176	1.65004	1.51672	1.5455	1.6034	1.61594	1.46122	1.55118	1.47738	1.52338	1.37982	1.41444	1.47344	1.53038	1.4859	1.4449	1.23576	1.24522	1.2251	1.25466	1.11762	1.1084	1.2618	1.29298	1.11174	1.10294
1950	0.12784	1.50796	1.57786	1.57686	1.57288	1.56744	1.55914	1.54142	1.53476	1.54124	1.61424	1.64254	1.53864	1.59234	1.6176	1.64988	1.51664	1.54556	1.60348	1.61652	1.46214	1.55118	1.47692	1.52382	1.3807	1.41472	1.474	1.53102	1.48756	1.44504	1.23686	1.24542	1.2256	1.25616	1.11932	1.10954	1.26228	1.29346	1.1129	1.10506
1980	0.1278	1.50846	1.57864	1.57758	1.57338	1.56722	1.55972	1.54212	1.53568	1.54174	1.6143	1.64212	1.53874	1.59222	1.6177	1.65042	1.51752	1.5464	1.60342	1.61634	1.46286	1.55192	1.47712	1.52438	1.38152	1.41562	1.47452	1.53126	1.48826	1.44538	1.23828	1.24672	1.22764	1.25602	1.1206	1.11114	1.2634	1.29444	1.11448	1.1068
2010	0.12788	1.50852	1.57878	1.57768	1.57378	1.56756	1.55984	1.54254	1.53602	1.54218	1.61454	1.64272	1.53918	1.59262	1.61826	1.65048	1.51816	1.5463	1.60382	1.61662	1.46394	1.5529	1.47764	1.52476	1.38226	1.41618	1.4748	1.53166	1.48842	1.4467	1.24008	1.2489	1.22918	1.25836	1.12248	1.1136	1.26444	1.29542	1.11674	1.10832
2040	0.12796	1.50916	1.57932	1.5782	1.57418	1.56818	1.56102	1.5431	1.53624	1.54256	1.61528	1.64352	1.54	1.59384	1.6187	1.65098	1.51898	1.54702	1.60484	1.61772	1.46504	1.55326	1.47828	1.52508	1.38336	1.4169	1.47614	1.533	1.48918	1.44728	1.24134	1.2502	1.23034	1.25954	1.12378	1.11568	1.26532	1.2962	1.1187	1.11106
2070	0.12788	1.50932	1.5792	1.57812	1.57416	1.56908	1.56082	1.5429	1.53632	1.54248	1.61526	1.6435	1.54006	1.59364	1.61826	1.65078	1.51938	1.54742	1.60424	1.61788	1.46518	1.55348	1.47922	1.52614	1.38514	1.41856	1.47726	1.5336	1.48984	1.4476	1.24306	1.25154	1.23264	1.26196	1.12718	1.11846	1.26728	1.29718	1.12158	1.11378
2100	0.12796	1.50962	1.5795	1.5785	1.57446	1.56874	1.5618	1.54334	1.53688	1.54266	1.61554	1.64356	1.54036	1.5939	1.61868	1.65058	1.51964	1.54716	1.6047	1.6182	1.46554	1.55382	1.47958	1.5268	1.38548	1.41908	1.47712	1.53408	1.49068	1.44826	1.24324	1.25234	1.23276	1.26212	1.12792	1.11966	1.26762	1.2985	1.12188	1.1146
2130	0.12794	1.51002	1.57976	1.57874	1.5752	1.56934	1.56192	1.54362	1.53728	1.54284	1.6158	1.64362	1.54112	1.59452	1.61918	1.65142	1.52	1.54838	1.60518	1.61848	1.4665	1.55474	1.48022	1.52724	1.38654	1.4206	1.47788	1.53424	1.49158	1.44864	1.24464	1.25404	1.23478	1.2635	1.12954	1.12114	1.26854	1.29962	1.12392	1.11612
2160	0.12814	1.51044	1.5807	1.57904	1.57574	1.56926	1.56204	1.5443	1.53796	1.54354	1.61624	1.64438	1.54132	1.59532	1.61962	1.6516	1.52084	1.54868	1.60546	1.61888	1.46718	1.5553	1.48114	1.52804	1.3873	1.42174	1.4787	1.53508	1.4919	1.44932	1.24648	1.25574	1.236	1.26436	1.13132	1.12344	1.27002	1.30088	1.12634	1.11914
2190	0.12804	1.51082	1.58108	1.57912	1.57564	1.56962	1.56264	1.54446	1.5384	1.54406	1.61608	1.64436	1.54138	1.59524	1.61936	1.65144	1.52048	1.5487	1.60552	1.61942	1.46838	1.55564	1.48154	1.52842	1.38828	1.42234	1.47938	1.5354	1.4927	1.45054	1.24712	1.25736	1.2378	1.266	1.13338	1.12518	1.27102	1.3022	1.1279	1.12108
2220	0.128	1.5109	1.58142	1.57916	1.57574	1.56994	1.56298	1.54482	1.53834	1.54464	1.61674	1.64482	1.542	1.596	1.62014	1.65166	1.52112	1.5494	1.60628	1.6195	1.46894	1.5561	1.4823	1.52928	1.38918	1.42336	1.48058	1.53646	1.4932	1.45058	1.24858	1.2582	1.23856	1.26696	1.13548	1.1269	1.27272	1.30304	1.12982	1.12328
2250	0.12804	1.51144	1.58168	1.57942	1.57618	1.56984	1.56278	1.5447	1.5389	1.54504	1.61666	1.64494	1.5419	1.59612	1.62012	1.65178	1.52142	1.5498	1.60636	1.61962	1.46902	1.55698	1.48332	1.5294	1.38962	1.42372	1.48088	1.53652	1.4936	1.45188	1.25014	1.25936	1.2398	1.26836	1.13736	1.12856	1.27258	1.30362	1.13208	1.12456
2280	0.12792	1.51196	1.58166	1.58022	1.57632	1.57004	1.56324	1.54506	1.53922	1.5454	1.61724	1.6452	1.54286	1.59636	1.62054	1.65208	1.52174	1.5501	1.60686	1.61986	1.4697	1.55706	1.48388	1.53014	1.3907	1.42494	1.48174	1.53706	1.49462	1.45236	1.251	1.2615	1.24082	1.26958	1.1383	1.13058	1.27424	1.305	1.13378	1.12612
2310	0.12804	1.51232	1.58174	1.58016	1.5765	1.57056	1.56356	1.54558	1.54002	1.54554	1.61772	1.64576	1.54342	1.59676	1.62098	1.65278	1.52238	1.55064	1.6072	1.62014	1.47094	1.55778	1.48378	1.53106	1.39136	1.42556	1.4825	1.538	1.49514	1.45348	1.2522	1.2626	1.24194	1.27094	1.1405	1.1326	1.27548	1.30644	1.13532	1.12886
2340	0.12804	1.5127	1.58244	1.58046	1.57708	1.5705	1.56422	1.54642	1.54044	1.54568	1.61792	1.64588	1.54362	1.59692	1.6212	1.65304	1.52278	1.55106	1.60748	1.62034	1.47162	1.55848	1.48464	1.53174	1.39268	1.42672	1.48298	1.53852	1.49594	1.45436	1.2539	1.26372	1.24316	1.2716	1.14176	1.13364	1.27662	1.30736	1.13672	1.131
2370	0.12818	1.51334	1.5824	1.58062	1.57682	1.57112	1.56442	1.54656	1.54062	1.5462	1.61792	1.64586	1.54424	1.59746	1.62152	1.65294	1.52352	1.55184	1.6077	1.62076	1.47248	1.55886	1.48526	1.53196	1.39374	1.42704	1.48366	1.5391	1.49698	1.45472	1.25502	1.26506	1.24466	1.2729	1.14348	1.13626	1.27778	1.3088	1.1392	1.13346
2400	0.12804	1.51324	1.5825	1.58116	1.57738	1.57142	1.56446	1.54654	1.541	1.54632	1.61808	1.64602	1.5441	1.59766	1.62178	1.65328	1.52384	1.55206	1.60814	1.62058	1.47236	1.55888	1.4855	1.53234	1.3938	1.4277	1.48382	1.53928	1.49758	1.4547	1.25598	1.26624	1.2451	1.2741	1.14484	1.13804	1.27944	1.30964	1.14118	1.13474
2430	0.1281	1.51364	1.58268	1.58132	1.57752	1.5719	1.56452	1.54734	1.54154	1.54702	1.61846	1.64614	1.5448	1.59802	1.62222	1.6532	1.52426	1.55228	1.60854	1.6212	1.47348	1.55982	1.48666	1.53318	1.39458	1.42844	1.4847	1.53998	1.4979	1.45544	1.25708	1.2678	1.24678	1.2756	1.14708	1.13998	1.28036	1.31072	1.14324	1.13692
2460	0.12818	1.51396	1.58312	1.58136	1.5779	1.57188	1.56512	1.54738	1.54202	1.54704	1.61898	1.64634	1.54516	1.59792	1.62294	1.6537	1.52444	1.55258	1.60882	1.6219	1.4742	1.56054	1.48726	1.53388	1.3961	1.42996	1.4851	1.5409	1.49864	1.45642	1.25876	1.26918	1.24812	1.27676	1.14882	1.1421	1.28134	1.31198	1.14492	1.13862
2490	0.12836	1.51446	1.58344	1.58206	1.57852	1.57224	1.56558	1.54732	1.5426	1.54784	1.61972	1.64716	1.54572	1.59858	1.62302	1.65444	1.52482	1.55328	1.60874	1.62198	1.47486	1.56102	1.4879	1.53434	1.39664	1.43044	1.48582	1.5414	1.49922	1.45714	1.25966	1.27034	1.24982	1.27824	1.1513	1.14428	1.28302	1.31278	1.14618	1.14042
2520	0.12828	1.51472	1.58324	1.5822	1.5784	1.57252	1.5657	1.54798	1.54316	1.54812	1.61938	1.64706	1.54598	1.59858	1.62308	1.65408	1.5251	1.55326	1.60916	1.62212	1.47534	1.56114	1.48842	1.53464	1.3978	1.43114	1.48652	1.54196	1.5002	1.45744	1.26088	1.27132	1.25066	1.279	1.15228	1.14606	1.2833	1.31388	1.14774	1.14208
2550	0.12836	1.51498	1.58376	1.58234	1.57836	1.57298	1.56596	1.54834	1.54342	1.54874	1.61976	1.64716	1.54628	1.59868	1.6232	1.6539	1.52544	1.55356	1.6095	1.62218	1.4762	1.5621	1.4889	1.53524	1.39858	1.43198	1.48726	1.54182	1.50044	1.45842	1.26206	1.27292	1.2527	1.28052	1.15422	1.14786	1.2843	1.3149	1.15016	1.14322
2580	0.1284	1.51558	1.5841	1.58258	1.5785	1.5727	1.56662	1.5486	1.54378	1.5492	1.6202	1.64748	1.54692	1.59914	1.62326	1.65452	1.52634	1.55394	1.61	1.62242	1.47716	1.5626	1.49008	1.53624	1.39936	1.43304	1.48804	1.54302	1.5011	1.45918	1.26304	1.2742	1.25342	1.28194	1.15624	1.1493	1.28578	1.3159	1.15066	1.14478
2610	0.1284	1.51612	1.58424	1.5831	1.57874	1.57334	1.56654	1.54934	1.54386	1.54932	1.62058	1.64826	1.54732	1.5993	1.62376	1.65474	1.52688	1.5546	1.61024	1.6229	1.47708	1.56304	1.49062	1.53656	1.40048	1.43408	1.48884	1.54326	1.50166	1.45984	1.26422	1.27538	1.25434	1.28378	1.15788	1.15088	1.28678	1.31714	1.15236	1.14686
2640	0.12836	1.51624	1.58468	1.58314	1.57912	1.57384	1.56674	1.5493	1.54402	1.54926	1.62092	1.64838	1.5478	1.59966	1.62374	1.65526	1.52646	1.55482	1.61068	1.62332	1.4779	1.56348	1.49116	1.5371	1.40088	1.43486	1.48988	1.544	1.50218	1.46068	1.26512	1.27714	1.25576	1.28418	1.1592	1.15248	1.28766	1.31834	1.1552	1.14896
2670	0.12832	1.51654	1.5852	1.5836	1.57938	1.57432	1.56726	1.54926	1.54434	1.54988	1.62128	1.6484	1.54822	1.60036	1.62406	1.65546	1.52676	1.555	1.61118	1.62354	1.47898	1.56402	1.49162	1.53794	1.40208	1.43576	1.49062	1.54452	1.50304	1.461	1.26704	1.27824	1.25746	1.28528	1.16174	1.1542	1.2888	1.31908	1.1569	1.1504
2700	0.1285	1.51642	1.58504	1.58378	1.5798	1.57436	1.56814	1.54978	1.5452	1.55	1.62172	1.6488	1.54866	1.60082	1.62468	1.65606	1.52694	1.55562	1.61162	1.62422	1.47916	1.56432	1.49222	1.53862	1.40286	1.43676	1.49134	1.5452	1.50378	1.46218	1.26788	1.27978	1.25824	1.28664	1.16274	1.1556	1.28942	1.31986	1.15894	1.1518
2730	0.12832	1.51654	1.58522	1.58364	1.5799	1.5744	1.56826	1.55038	1.54562	1.5506	1.62186	1.64904	1.54888	1.60068	1.62482	1.65618	1.52732	1.55588	1.61186	1.62414	1.48026	1.5648	1.49308	1.539	1.40368	1.4374	1.49154	1.546	1.50438	1.46234	1.26916	1.28102	1.26004	1.28826	1.1648	1.15808	1.29126	1.32146	1.16014	1.15374
2760	0.12846	1.51744	1.58568	1.58428	1.58016	1.5747	1.56892	1.551	1.54614	1.5517	1.62222	1.64942	1.55	1.60104	1.62488	1.6565	1.52786	1.55636	1.61242	1.62476	1.48124	1.5655	1.49364	1.5393	1.40436	1.43822	1.49228	1.54632	1.50514	1.46378	1.2703	1.28194	1.2612	1.28896	1.16618	1.16016	1.29212	1.3226	1.16144	1.15528
2790	0.12842	1.51758	1.58616	1.58482	1.58012	1.57508	1.56904	1.5514	1.54648	1.55126	1.62248	1.64942	1.55046	1.60132	1.62566	1.65688	1.52842	1.55636	1.61304	1.62532	1.48188	1.56598	1.49412	1.54002	1.40476	1.43878	1.49314	1.5471	1.50554	1.4638	1.2715	1.28338	1.26216	1.29016	1.16746	1.1613	1.2927	1.32422	1.1629	1.15692
2820	0.12848	1.51798	1.5868	1.58512	1.58082	1.57578	1.56928	1.5518	1.5473	1.55208	1.62298	1.65018	1.55072	1.6023	1.6259	1.65718	1.5289	1.55692	1.61312	1.62534	1.48294	1.56658	1.49518	1.54088	1.40668	1.43994	1.49438	1.5482	1.50644	1.46488	1.27338	1.28426	1.2634	1.29098	1.16926	1.16296	1.29364	1.32484	1.16406	1.1582
2850	0.12846	1.51832	1.58706	1.58538	1.58084	1.57568	1.56984	1.5518	1.54746	1.552	1.62322	1.65036	1.55134	1.60198	1.62628	1.657	1.52886	1.55714	1.61314	1.6254	1.48392	1.56706	1.49578	1.54098	1.40672	1.44074	1.49496	1.54834	1.50718	1.4655	1.27384	1.28578	1.26408	1.29262	1.17084	1.1642	1.29532	1.32624	1.16536	1.15936